Tag           : DESY21_ym80
Comment       : _zcalc_G2_WF4
FileName     : ../Data_DESY21/yscan/Ym80_Z0_iter0.root
SelectionSet  : T_DESY21_Event
NbrOfMod      : 0
Data_to_Use   : 0
OUTDirName    : OUT_Tristan/DESY21_yscan/DESY21_ym80/

Gain & RC maps: loaded
Average Gain in ERAM01 = 1947.77
ERAM01: RC   hole in  iX = 10 | iY = 16 | value reset at 129.29
ERAM01: Gain hole in  iX = 10 | iY = 16 | value reset at 1889.24

-------------->Predefined selection T_DESY21_Event
Number of entries :10779
TLow = 44 | THigh = 77

-------------->List of selections
Apply selection  1 -> Remove clusters in first and last columns 

Apply selection 11 -> Remove clusters out of time (Event Based) 
                      |TLeading -TLeadingMeanOverEvent| <= m_Cut_Stage11_EventBased (=     3)

Apply selection 120 -> Remove clusters out of time  
                      m_Cut_Stage120_TLow <= TLeading <= m_Cut_Stage120_THigh 
                      m_Cut_Stage120_TLow  =   44
                      m_Cut_Stage120_THigh =   77

Apply selection 15 -> Remove Events with an average pad multiplicity too high or too low 
                      Pad Multiplicity >  m_Cut_StageT15_APM_Low  (=  2.0)
                      Pad Multiplicity <= m_Cut_StageT15_APM_High (=  4.0)

Apply selection 10 -> Remove clusters with too many pads 
                      Npads <= m_Cut_Stage10_Npads_Hig (=   5)

Apply selection 14 -> Remove Clusters with a too high APad 
                      APad >= m_Cut_Stage14_Amax_Low (=     0)
                      APad <= m_Cut_Stage14_Amax_Hig (=  3700)

Apply selection  5 -> Reject Events with too few clusters
                      NClusters >= m_Cut_Stage5_NCluster_Low (=   34)


zdrift        = 90 mm
PT            = 412 ns
TB            = 50 ns/time bin
PT/TB         = 8 time bins
z method      : zcalc
cut length    = 2 mm

Processing events:
0/10779
21
23
21
1
23
21
21
22
22
19
22
22
22
21
22
21
9
21
22
21
22
21
21
21
22
21
22
19
23
21
22
23
17
19
21
22
22
22
22
21
23
21
21
21
21
22
21
20
21
20
19
21
22
22
23
21
21
19
22
20
21
21
21
17
20
21
21
22
21
21
21
23
22
23
19
21
22
23
22
21
21
21
21
18
21
21
21
21
22
21
23
21
21
23
16
23
21
21
21
22
22
21
21
21
21
22
20
20
22
21
20
0
19
21
21
21
21
23
22
23
22
21
20
21
21
23
22
21
10
19
22
22
22
22
20
22
22
22
21
20
19
22
21
22
21
21
22
23
21
21
22
22
19
21
20
22
20
22
21
19
20
23
22
23
22
20
24
21
23
22
21
20
21
21
21
21
22
22
22
21
21
22
22
21
21
21
20
23
21
21
22
22
21
21
21
20
20
20
22
17
5
21
19
21
23
21
22
21
21
14
21
22
21
22
20
16
21
24
20
21
20
21
23
21
24
21
22
20
21
22
22
22
23
21
21
19
21
21
21
21
21
22
21
21
21
22
22
19
22
22
22
19
22
21
21
22
20
21
22
21
19
22
21
22
20
21
20
22
22
20
21
22
23
21
21
21
22
21
23
23
21
21
20
20
21
21
21
21
22
22
21
22
21
21
21
22
21
21
21
22
22
20
23
20
18
22
20
20
21
21
21
21
20
17
21
20
21
21
22
19
22
21
21
21
21
21
18
12
22
22
21
22
21
22
0
20
22
20
21
21
21
21
19
20
20
23
22
20
19
17
18
22
20
21
21
22
20
22
22
20
22
22
21
22
22
21
22
21
20
22
21
22
1000/10779
22
21
22
23
21
22
21
21
21
21
19
22
21
21
23
24
21
21
20
23
21
22
21
20
20
22
22
21
23
22
22
23
23
22
23
21
20
22
21
20
21
20
20
21
21
23
22
21
21
21
21
20
22
20
6
22
21
21
22
21
19
23
22
21
19
20
20
20
22
21
22
21
21
22
21
22
22
22
20
21
21
20
20
22
22
21
23
21
16
21
21
21
23
21
22
21
22
22
18
22
20
19
22
21
15
23
21
23
21
22
23
21
19
22
20
20
21
22
22
21
19
22
21
21
23
22
22
21
21
14
23
22
17
23
21
21
21
22
21
20
21
20
22
20
22
21
22
21
20
22
21
21
14
21
21
21
23
21
21
21
20
21
21
21
22
20
20
22
19
22
23
19
22
21
19
21
22
21
21
21
22
21
21
22
21
21
23
22
22
23
21
22
15
22
22
22
23
21
21
20
22
25
21
22
24
21
21
21
22
22
22
12
23
21
22
20
20
22
19
22
22
22
22
21
22
21
23
21
21
21
22
20
20
19
20
17
21
22
22
22
22
21
21
22
21
22
21
20
18
22
22
22
19
21
21
22
21
19
22
21
19
23
22
21
22
21
20
21
20
18
20
21
21
20
11
20
23
20
18
21
21
21
21
22
22
22
20
21
21
24
23
22
21
22
22
21
21
23
23
21
24
20
21
22
21
22
20
22
21
22
22
24
21
21
22
21
18
22
22
23
4
21
22
21
20
21
21
21
19
20
12
17
22
22
22
23
21
20
18
22
23
21
21
22
20
20
20
21
22
22
22
21
21
2000/10779
21
19
20
18
19
23
21
23
20
21
21
21
21
21
22
23
20
22
22
22
21
21
20
18
21
22
23
21
22
18
21
21
21
21
21
15
23
21
10
22
20
6
21
17
22
22
20
22
21
21
15
23
21
23
21
19
22
21
21
21
23
20
20
20
22
15
22
21
20
23
21
22
20
20
20
20
23
22
21
20
22
22
22
21
21
19
21
21
21
21
21
21
7
20
23
20
22
21
13
21
21
22
20
19
20
21
21
21
23
17
21
19
21
21
20
20
22
21
22
22
22
22
21
19
21
22
21
16
22
19
22
20
21
21
22
16
21
22
20
20
21
21
21
22
21
22
24
11
21
17
22
20
23
20
20
22
23
21
31
22
21
23
21
22
21
20
21
21
21
22
22
22
24
22
24
22
21
19
22
21
20
22
23
22
19
23
21
22
21
19
22
21
21
16
20
21
21
21
22
21
20
22
20
21
21
16
19
21
21
21
20
20
23
25
21
22
21
22
21
21
23
23
21
22
20
21
24
21
22
21
22
22
22
22
21
18
21
20
22
21
21
21
22
24
20
23
21
22
21
22
20
22
22
21
20
20
23
22
22
22
22
21
21
21
21
22
22
21
22
19
22
19
23
23
28
22
21
21
22
21
23
19
21
20
22
22
22
22
22
21
20
20
21
22
21
23
20
22
21
22
23
20
23
23
20
22
21
23
21
23
20
21
21
21
22
18
20
21
21
19
21
21
22
21
21
22
22
23
21
22
20
22
21
20
21
22
20
19
24
21
21
21
22
17
21
22
21
23
22
21
21
20
20
28
21
21
21
21
22
17
22
22
20
23
22
21
21
22
20
20
22
22
20
21
22
23
21
3000/10779
21
23
21
21
22
21
21
21
22
21
21
23
22
19
24
22
22
22
21
22
23
21
21
21
23
21
20
18
20
21
21
16
22
21
20
22
21
22
22
21
20
24
21
21
13
20
20
20
21
22
22
21
21
21
21
22
22
20
21
21
22
22
22
21
22
21
21
22
22
19
15
23
21
21
22
21
21
22
21
20
21
22
22
21
23
22
15
21
21
22
21
21
22
22
20
21
21
21
23
21
23
22
22
21
21
22
11
22
21
22
21
21
20
21
21
23
21
20
23
23
19
21
20
21
22
19
21
23
21
21
22
21
22
22
28
21
20
22
23
20
22
22
21
22
21
21
22
21
22
21
20
21
20
21
21
23
21
23
21
23
20
21
21
21
22
19
21
21
20
21
20
16
21
22
21
20
23
21
21
22
25
22
21
21
22
22
17
21
20
22
21
21
17
24
21
23
20
21
23
23
22
21
20
20
21
20
24
21
23
22
16
21
4
21
22
22
22
21
18
21
22
22
23
21
22
21
23
21
23
21
16
22
22
23
22
21
18
20
21
21
20
21
22
22
21
24
22
22
21
21
21
20
21
22
22
22
22
22
22
20
4
22
19
21
22
21
20
21
23
17
22
19
21
22
22
20
20
22
21
21
22
20
21
21
21
21
22
22
21
20
20
20
21
20
20
20
22
22
20
21
23
21
22
22
21
21
21
22
21
24
21
22
19
19
20
23
23
20
23
20
21
22
22
22
22
19
21
17
19
21
22
22
21
4000/10779
21
21
21
17
22
16
20
22
21
20
21
19
21
22
23
13
21
21
21
13
21
22
21
22
21
23
21
22
14
19
20
22
21
21
21
23
21
22
21
22
21
21
24
23
22
23
20
21
23
21
22
21
21
11
21
21
21
21
19
21
14
21
22
23
23
22
22
21
21
21
20
23
21
22
22
20
21
22
16
20
21
21
20
21
21
23
20
23
22
21
22
22
22
16
23
21
21
17
20
20
21
21
22
22
20
20
22
22
22
22
22
20
18
20
21
17
22
22
21
21
21
21
19
22
22
20
21
13
20
21
20
18
21
21
21
20
20
19
21
20
21
22
21
18
21
21
22
21
22
21
21
20
22
21
20
23
21
15
22
22
21
22
20
20
21
21
24
21
22
21
20
22
21
20
20
21
23
22
21
21
21
22
21
22
23
22
23
22
20
21
21
23
21
20
23
21
23
4
20
21
21
20
21
21
24
21
1
22
18
23
21
21
21
20
23
21
21
20
21
21
22
22
20
21
23
20
20
23
21
20
21
22
21
20
21
20
23
21
21
23
22
20
21
21
22
18
21
19
21
22
18
20
21
21
21
21
21
22
21
22
20
20
21
21
21
21
22
21
21
22
22
21
22
21
21
21
21
20
23
21
22
22
21
22
22
21
15
23
21
21
20
22
21
22
22
21
21
19
22
20
21
21
21
21
22
21
20
23
22
21
22
21
22
22
20
19
21
21
21
21
21
22
22
12
22
22
14
22
21
20
21
22
21
22
21
17
22
22
22
20
20
21
21
21
21
15
22
19
21
21
21
22
21
22
21
22
21
20
21
21
22
21
22
21
19
20
23
21
23
16
21
21
21
21
20
20
21
21
20
17
21
21
21
21
22
21
21
21
21
23
5000/10779
21
21
21
21
21
21
19
21
21
23
21
22
20
23
22
21
21
26
17
22
22
22
17
21
21
21
22
23
21
21
20
22
12
20
23
23
23
23
21
23
22
20
22
22
22
22
22
22
23
20
24
20
21
21
21
21
22
20
23
22
16
18
21
22
21
27
22
23
22
20
23
21
22
24
23
20
20
22
21
21
21
23
22
20
21
22
20
22
23
22
20
21
12
22
22
21
21
21
21
22
21
22
22
22
21
22
20
21
21
21
20
20
22
21
23
20
21
21
21
21
4
22
20
22
22
22
21
21
22
21
20
21
21
22
22
20
21
21
21
21
21
21
21
20
21
21
22
21
21
21
24
19
22
18
20
20
22
22
21
22
10
23
21
22
21
21
22
22
22
21
20
22
22
21
24
21
20
22
20
22
21
20
21
21
20
19
21
21
22
21
22
20
23
21
22
21
21
20
18
22
21
21
22
20
22
22
21
20
21
18
21
23
22
21
22
22
21
23
23
16
21
20
21
21
22
21
23
22
21
22
21
20
21
20
20
20
22
21
20
21
20
20
20
22
21
21
22
22
20
22
21
21
12
21
21
23
23
16
22
20
18
22
23
20
22
21
21
22
22
22
22
21
20
21
22
19
24
20
21
22
21
22
21
21
22
20
21
22
22
23
21
23
20
22
23
21
20
22
23
22
21
22
21
20
21
21
20
21
22
21
20
22
14
21
21
21
22
21
22
20
21
21
21
21
21
18
20
23
20
21
20
23
22
22
20
20
22
22
21
23
18
22
21
21
23
17
21
21
22
22
22
21
21
21
23
20
21
21
21
21
20
22
6000/10779
20
21
22
22
21
21
21
22
19
23
23
22
19
22
22
20
18
18
23
20
18
21
20
23
22
20
20
20
22
22
21
21
22
21
21
23
21
19
21
22
22
22
23
21
22
23
15
20
21
21
21
21
21
21
21
21
22
22
21
20
19
17
21
21
21
22
22
22
21
22
21
22
21
20
21
23
21
22
21
21
21
22
21
22
22
21
23
22
23
21
21
21
21
22
16
20
22
20
19
23
21
20
22
20
21
21
19
21
20
21
20
21
20
22
21
21
17
22
21
17
19
23
16
23
21
20
21
20
23
21
21
20
22
20
21
21
21
21
22
21
21
23
22
23
21
22
20
22
21
22
22
21
21
22
20
23
20
21
21
20
21
21
20
15
22
23
20
21
20
21
22
21
21
21
22
22
23
21
21
22
23
21
21
22
20
22
21
23
21
21
21
22
18
22
22
18
20
23
23
23
22
21
23
21
19
23
21
21
21
22
20
22
23
21
23
22
21
22
22
21
21
23
22
22
22
20
20
21
18
23
18
3
21
22
17
16
19
22
21
22
23
20
14
22
21
21
23
14
21
22
18
21
21
21
21
21
21
22
23
22
21
21
21
22
18
21
21
20
22
20
20
21
21
17
21
20
21
21
23
20
22
21
21
21
22
22
21
21
21
20
21
22
20
20
22
23
23
21
21
20
20
21
23
23
23
20
22
21
22
21
21
22
20
23
21
22
20
22
22
20
1
22
21
20
21
21
22
21
22
21
20
20
21
22
20
23
21
21
21
23
17
21
22
21
22
22
21
20
21
21
21
23
21
21
21
21
22
21
22
23
20
21
21
21
21
21
18
20
11
20
22
23
21
20
22
22
20
22
22
19
21
20
21
22
21
21
7000/10779
18
19
22
21
21
22
22
15
22
21
21
23
21
21
21
21
22
22
8
20
20
22
17
20
22
21
22
19
22
21
21
22
21
20
22
21
22
17
20
18
20
20
21
21
21
22
23
22
20
22
21
23
21
21
21
21
21
19
19
22
15
12
22
21
20
21
19
20
21
21
20
22
22
23
22
20
22
22
22
21
22
20
20
22
21
21
22
20
22
17
22
23
22
21
22
11
22
21
20
22
22
22
22
16
21
21
21
22
22
17
21
19
23
22
22
20
21
21
21
21
24
22
21
21
21
20
23
20
21
19
21
20
22
20
18
19
21
20
23
20
21
20
21
21
23
21
21
20
22
20
20
20
20
16
21
22
22
24
21
21
21
19
20
20
22
20
21
22
22
21
21
21
20
21
21
14
22
23
23
13
20
22
22
21
21
21
21
21
24
18
21
21
21
23
22
23
21
17
20
23
22
21
22
23
21
21
22
21
21
20
23
22
24
21
20
21
21
20
20
18
23
23
20
22
21
21
23
22
19
22
21
22
21
21
20
25
23
20
20
21
22
21
21
22
20
20
22
20
22
21
21
21
22
21
22
24
18
21
13
21
15
21
20
17
20
22
21
20
21
21
21
21
21
20
22
20
23
23
21
22
20
22
20
19
21
21
21
21
20
22
21
20
18
22
21
22
21
20
21
21
22
19
21
21
23
22
22
22
17
21
22
21
21
21
21
23
22
20
22
22
22
21
22
22
23
22
21
21
23
21
22
22
21
22
19
22
20
21
21
21
24
21
21
23
22
21
20
21
22
23
21
21
21
22
22
21
23
28
21
21
21
22
20
21
20
22
12
22
23
27
22
22
14
22
21
22
22
23
22
20
22
22
20
20
20
21
21
21
20
20
15
21
22
15
21
18
22
22
23
22
19
21
22
21
22
8000/10779
20
21
22
21
22
22
22
23
22
21
22
21
23
22
20
23
21
20
21
20
20
23
22
21
21
20
21
22
21
20
20
22
23
22
22
23
21
23
23
21
21
21
21
19
21
22
21
22
21
23
20
23
20
20
20
23
22
17
21
22
21
21
23
20
20
20
20
23
22
21
22
21
22
22
21
23
20
21
22
31
22
22
21
20
21
22
22
21
20
21
21
21
18
21
23
21
21
22
20
21
21
23
22
22
22
23
22
21
22
23
21
24
21
21
22
18
22
21
20
15
21
22
22
21
21
21
22
21
21
22
18
22
25
21
21
22
21
23
21
22
21
22
20
22
21
23
21
21
21
22
21
20
20
6
22
22
21
23
21
21
21
22
22
21
20
23
32
21
21
18
19
21
23
22
21
22
24
21
21
23
20
21
17
19
21
20
20
22
21
22
23
22
22
22
23
22
17
15
22
22
22
20
23
23
7
21
21
21
23
21
22
22
22
19
22
21
21
20
20
22
20
13
21
21
21
22
20
23
20
17
22
20
21
21
23
22
22
22
23
21
23
21
20
19
20
22
22
21
21
22
21
23
17
21
21
20
23
22
22
22
22
22
22
21
21
22
22
24
20
20
19
22
19
22
21
20
21
20
18
21
23
22
21
20
21
21
23
20
20
21
21
23
21
21
22
19
22
21
19
22
19
23
21
21
20
23
21
20
20
22
22
18
22
22
21
24
22
23
21
21
22
21
22
21
19
22
22
22
21
21
19
22
22
20
20
22
21
21
24
22
21
21
21
20
20
20
21
21
16
20
23
23
23
22
23
17
23
21
19
21
22
19
20
22
9000/10779
22
21
21
22
21
23
22
21
21
21
21
21
23
21
23
19
21
20
22
22
20
19
21
20
20
22
22
21
23
21
21
21
21
20
21
21
22
21
20
21
22
22
22
23
21
23
21
23
20
19
22
14
22
21
23
22
21
22
20
22
22
23
21
22
21
20
20
22
23
22
21
21
19
21
21
22
22
22
22
21
20
23
21
22
21
21
20
22
21
21
21
23
21
22
22
21
20
22
18
21
20
21
21
21
21
20
23
21
21
23
21
23
22
21
21
13
22
21
20
21
21
22
21
22
21
21
21
20
21
21
21
21
22
19
24
21
21
21
22
21
22
21
16
21
21
20
23
21
22
21
21
21
21
12
20
18
21
22
21
21
19
21
22
21
21
21
19
21
21
21
23
22
20
22
22
23
21
22
20
21
22
22
20
21
21
21
20
21
23
20
18
20
21
20
19
22
22
21
24
22
24
22
21
21
22
20
17
22
14
21
21
21
21
20
21
21
21
21
20
22
22
20
22
21
22
21
21
21
23
23
21
21
19
21
20
21
22
22
23
22
22
18
21
22
21
19
22
22
21
21
21
21
21
22
21
21
21
20
21
20
20
21
21
20
21
22
19
22
21
21
23
21
23
14
19
21
22
21
20
22
22
21
20
21
21
19
23
23
16
22
22
21
23
21
21
22
21
17
22
21
22
20
20
22
19
21
22
22
22
21
20
23
21
21
21
19
22
22
18
21
21
19
22
22
20
22
22
21
23
21
21
21
21
23
21
22
21
21
22
17
21
21
19
22
21
21
21
19
22
23
22
20
21
23
22
21
24
20
23
21
21
22
22
22
22
21
21
20
22
22
22
22
21
23
10000/10779
22
21
22
21
21
20
21
20
23
22
23
22
22
21
23
21
21
23
20
21
23
22
22
21
21
21
21
19
21
17
21
22
21
21
19
18
23
23
1
21
21
21
21
22
21
22
20
20
22
22
22
15
20
24
21
21
23
20
20
21
20
22
22
21
18
20
22
21
22
21
21
21
21
23
22
22
21
21
22
21
22
21
21
18
21
22
23
22
18
21
22
20
23
21
21
21
21
21
22
24
21
22
22
22
19
21
21
22
23
21
19
20
21
21
21
22
22
14
22
23
22
21
21
21
21
20
22
21
21
21
18
21
20
20
21
21
21
23
22
21
22
23
21
20
21
22
21
21
20
21
20
20
20
23
23
21
21
22
22
21
20
21
21
21
23
22
22
22
21
22
21
21
22
23
17
22
21
21
22
23
20
23
23
21
18
20
22
20
19
17
19
21
21
21
21
22
21
19
19
21
20
22
21
22
22
20
22
20
22
21
21
23
21
21
23
22
16
20
21
21
20
23
21
21
22
21
21
22
3
22
23
21
20
22
21
22
19
22
23
21
21
21
21
20
20
20
21
21
21
22
21
24
22
21
21
21
22
23
22
20
20
23
19
21
21
20
20
20
20
12
22
20
22
22
23
21
20
17
19
22
10778/10779
21
10779 real events

Selection Statistics 
 #Cut SelName    EvBef  EvAfter ( wrtPrev)  (wrtStart)     MdBef  MdAfter ( wrtPrev)  (wrtStart)     ClBef  ClAfter ( wrtPrev)  (wrtStart)     PdBef  PdAfter ( wrtPrev)  (wrtStart) 
    0  Stage1    10779    10779 (    0.00)  (    0.00)     10779    10779 (    0.00)  (    0.00)    366396   366396 (    0.00)  (    0.00)   1386790  1386790 (    0.00)  (    0.00) 
    1 Stage11    10779    10619 (   -1.48)  (   -1.48)     10779    10619 (   -1.48)  (   -1.48)    366396   353650 (   -3.48)  (   -3.48)   1386790  1324912 (   -4.46)  (   -4.46) 
    2Stage120    10619    10377 (   -2.28)  (   -3.73)     10619    10377 (   -2.28)  (   -3.73)    353650   345874 (   -2.20)  (   -5.60)   1324912  1302277 (   -1.71)  (   -6.09) 
    3StageT15    10377     8230 (  -20.69)  (  -23.65)     10377     8230 (  -20.69)  (  -23.65)    345874   275662 (  -20.30)  (  -24.76)   1302277  1003153 (  -22.97)  (  -27.66) 
    4 Stage10     8230     8230 (    0.00)  (  -23.65)      8230     8230 (    0.00)  (  -23.65)    275662   272638 (   -1.10)  (  -25.59)   1003153   984543 (   -1.86)  (  -29.01) 
    5 Stage14     8230     8230 (    0.00)  (  -23.65)      8230     8230 (    0.00)  (  -23.65)    272638   270250 (   -0.88)  (  -26.24)    984543   973515 (   -1.12)  (  -29.80) 
    6  Stage5     8230     3997 (  -51.43)  (  -62.92)      8230     3997 (  -51.43)  (  -62.92)    270250   135898 (  -49.71)  (  -62.91)    973515   487312 (  -49.94)  (  -64.86) 
  Summary Sel    10779     3997             (  -62.92)     10779     3997             (  -62.92)    366396   135898             (  -62.91)   1386790   487312             (  -64.86) 
Fitting: Started... done!
Checks: OUT_Tristan/DESY21_yscan/DESY21_ym80/2_DESY21_ym80_Checks_zcalc_G2_WF4.root
dEdx: OUT_Tristan/DESY21_yscan/DESY21_ym80/3_DESY21_ym80_dEdx_zcalc_G2_WF4.root
