Tag           : DESY21_ym120
Comment       : _zcalc_G2_WF4
FileName     : ../Data_DESY21/yscan/Ym120_Z0_iter0.root
SelectionSet  : T_DESY21_Event
NbrOfMod      : 0
Data_to_Use   : 0
OUTDirName    : OUT_Tristan/DESY21_yscan/DESY21_ym120/

Gain & RC maps: loaded
Average Gain in ERAM01 = 1947.77
ERAM01: RC   hole in  iX = 10 | iY = 16 | value reset at 129.29
ERAM01: Gain hole in  iX = 10 | iY = 16 | value reset at 1889.24

-------------->Predefined selection T_DESY21_Event
Number of entries :5989
TLow = 49 | THigh = 80

-------------->List of selections
Apply selection  1 -> Remove clusters in first and last columns 

Apply selection 11 -> Remove clusters out of time (Event Based) 
                      |TLeading -TLeadingMeanOverEvent| <= m_Cut_Stage11_EventBased (=     3)

Apply selection 120 -> Remove clusters out of time  
                      m_Cut_Stage120_TLow <= TLeading <= m_Cut_Stage120_THigh 
                      m_Cut_Stage120_TLow  =   49
                      m_Cut_Stage120_THigh =   80

Apply selection 15 -> Remove Events with an average pad multiplicity too high or too low 
                      Pad Multiplicity >  m_Cut_StageT15_APM_Low  (=  2.0)
                      Pad Multiplicity <= m_Cut_StageT15_APM_High (=  4.0)

Apply selection 10 -> Remove clusters with too many pads 
                      Npads <= m_Cut_Stage10_Npads_Hig (=   5)

Apply selection 14 -> Remove Clusters with a too high APad 
                      APad >= m_Cut_Stage14_Amax_Low (=     0)
                      APad <= m_Cut_Stage14_Amax_Hig (=  3700)

Apply selection  5 -> Reject Events with too few clusters
                      NClusters >= m_Cut_Stage5_NCluster_Low (=   34)


zdrift        = 90 mm
PT            = 412 ns
TB            = 50 ns/time bin
PT/TB         = 8 time bins
z method      : zcalc
cut length    = 2 mm

Processing events:
0/5989
24
25
26
26
26
26
23
25
25
25
26
26
26
24
26
27
26
24
27
25
25
27
26
26
26
27
24
25
25
27
23
24
28
26
26
27
23
25
27
25
25
25
27
25
26
28
26
26
24
25
27
25
26
27
25
27
26
27
26
27
25
26
24
27
27
26
8
26
23
27
14
26
26
19
13
25
27
27
23
26
27
25
25
27
26
26
12
27
20
26
26
26
26
26
27
26
25
24
26
25
25
27
26
25
26
25
27
24
25
27
24
26
24
27
25
26
25
26
27
22
24
26
27
26
27
25
26
24
27
26
26
25
25
27
24
24
25
26
28
27
21
26
26
26
25
27
27
27
27
26
26
25
26
25
27
26
26
25
27
27
26
26
26
26
27
26
27
26
26
26
25
26
24
26
24
17
27
25
26
25
26
25
25
27
26
25
25
24
25
25
25
27
25
25
27
26
24
27
27
23
25
5
25
26
26
27
24
25
26
27
22
26
26
24
26
25
27
27
21
26
22
27
26
26
26
25
26
25
25
26
25
31
27
18
25
23
24
26
26
23
24
27
26
24
23
28
24
26
24
26
27
27
23
26
27
26
21
26
26
26
25
26
25
25
27
27
28
27
25
26
27
27
26
26
22
27
25
26
26
26
26
24
26
24
26
27
27
27
23
25
26
26
25
26
25
26
25
23
26
23
27
27
27
27
24
27
27
26
26
26
27
25
26
26
25
27
26
26
27
29
26
26
25
27
26
26
26
27
20
26
25
26
24
25
25
27
27
26
21
23
25
26
25
25
27
26
26
27
25
27
-0
26
24
26
26
25
26
27
26
25
25
27
27
24
25
25
26
27
24
26
27
26
25
25
25
27
25
26
25
27
25
25
25
25
27
27
26
25
26
26
26
24
26
26
25
24
27
25
25
26
26
1000/5989
26
27
26
13
27
27
25
26
26
26
27
25
25
27
24
26
25
26
25
26
25
26
25
26
25
27
24
26
26
25
23
25
26
25
27
21
25
27
25
25
26
26
27
26
27
26
25
27
27
28
27
25
20
27
26
25
24
27
27
25
25
27
26
7
25
27
25
26
23
26
25
25
26
26
26
25
27
26
25
21
27
24
11
24
26
25
23
26
26
27
27
27
25
27
26
22
26
25
27
25
27
7
27
27
27
23
25
25
26
25
23
26
25
25
27
27
24
25
26
27
26
24
26
25
27
27
25
26
26
25
25
26
25
25
26
27
27
26
26
26
27
26
25
25
26
26
26
26
25
25
24
25
21
24
27
19
26
26
25
26
27
20
25
26
26
25
27
18
25
23
26
26
27
27
25
26
27
27
25
25
26
26
26
25
27
26
27
27
26
25
26
26
27
26
25
25
25
27
25
26
24
25
22
26
25
25
25
26
24
26
26
26
24
25
26
27
27
27
26
25
27
26
26
25
27
27
27
26
26
27
26
25
26
25
25
23
26
24
25
26
25
25
25
25
24
24
25
25
26
25
27
27
24
27
25
27
27
27
26
26
26
24
25
25
27
26
23
26
26
27
24
27
26
25
27
24
26
25
26
27
26
25
26
26
25
27
14
27
20
26
27
25
25
24
27
25
25
25
24
26
27
26
26
26
27
26
25
27
25
25
26
23
27
26
27
25
27
20
26
26
25
26
26
27
26
25
28
26
27
26
26
27
26
26
28
26
26
27
27
26
26
26
25
23
27
27
26
26
25
24
25
27
26
25
27
25
25
24
23
27
27
25
26
23
26
27
25
25
26
26
28
17
26
26
16
26
24
25
26
26
27
25
26
25
25
25
27
27
26
26
26
26
25
26
26
2000/5989
25
26
26
27
24
26
26
25
27
24
25
26
26
27
25
26
26
13
27
26
26
26
23
25
25
27
21
24
26
26
25
27
26
26
26
26
27
25
26
26
25
25
25
25
25
26
27
26
20
25
26
25
26
26
26
27
25
24
26
26
27
24
27
24
25
26
27
26
26
27
27
24
27
26
24
26
20
26
25
26
25
26
23
26
26
26
26
26
27
25
27
26
25
25
26
23
26
26
26
24
26
25
28
26
27
27
25
26
26
27
25
26
27
25
25
25
22
27
27
27
26
26
27
25
26
27
26
27
26
31
27
27
26
25
26
25
25
25
27
25
25
26
27
25
27
26
26
26
26
24
25
25
16
27
26
26
26
25
25
25
26
27
26
26
26
28
25
25
25
25
26
15
24
25
24
25
27
25
26
25
26
26
26
25
26
26
25
27
26
27
26
26
27
26
26
24
22
24
26
27
24
26
26
26
26
27
26
24
28
25
26
26
25
26
26
26
17
26
26
27
27
27
26
27
25
25
26
26
25
27
26
25
27
14
22
26
26
25
14
27
27
24
27
26
27
28
26
26
27
26
25
25
25
26
26
26
24
26
26
25
26
26
26
26
26
26
23
26
25
26
27
25
25
26
26
27
26
25
26
26
28
26
25
27
25
24
25
25
25
26
26
27
24
24
25
27
21
26
24
26
26
26
26
23
24
26
27
25
26
26
25
25
25
24
26
27
27
24
24
26
26
25
27
24
26
24
25
25
25
25
25
25
26
25
23
25
26
24
26
26
26
25
27
25
24
27
26
26
26
24
26
26
26
25
26
26
28
25
26
24
27
26
30
25
11
26
27
24
18
25
25
26
26
25
25
25
25
24
26
25
25
26
25
23
27
26
26
27
26
27
26
25
26
26
27
3000/5989
25
24
27
27
26
25
25
26
26
27
27
20
25
27
25
27
26
24
26
25
24
26
24
27
24
27
24
24
25
25
25
20
24
26
27
25
27
24
23
26
27
27
27
26
26
27
26
27
27
26
27
26
25
27
25
25
27
27
13
24
25
27
26
24
27
26
26
24
26
27
25
25
25
26
27
26
25
26
27
25
25
26
25
26
26
26
26
27
24
23
26
25
26
26
25
26
25
26
24
25
27
25
26
26
27
27
23
27
25
27
27
26
26
25
22
24
27
26
26
25
26
27
26
27
27
25
26
26
27
25
27
20
26
25
25
26
20
26
26
27
25
27
25
25
25
25
26
25
26
27
27
26
27
25
25
25
26
25
26
23
25
26
26
27
27
26
25
26
25
25
27
26
26
24
25
26
23
26
26
26
26
26
26
26
26
27
25
25
25
27
26
26
25
25
26
25
26
26
27
25
25
26
26
24
26
24
25
24
25
25
26
24
26
24
26
24
27
25
24
27
26
26
26
25
26
26
25
26
24
25
27
20
26
26
26
26
24
25
27
26
26
25
27
25
25
24
26
25
26
26
25
26
27
26
24
27
24
26
27
26
25
26
28
25
25
25
27
27
26
27
26
25
25
26
27
26
27
24
14
27
27
26
25
18
26
26
27
26
27
27
25
26
26
28
25
26
25
27
24
27
26
26
26
25
26
25
26
26
25
25
27
25
24
26
26
26
26
26
26
27
23
26
27
26
26
26
26
25
25
25
22
25
25
24
27
27
26
24
26
26
27
25
26
23
27
24
25
26
27
28
24
24
26
27
20
26
26
27
29
25
24
26
26
26
25
25
23
25
27
24
25
26
24
26
27
27
26
27
28
26
26
23
26
25
25
26
25
24
25
25
25
4000/5989
25
21
26
27
24
25
25
27
25
27
27
26
27
14
26
24
26
26
27
27
26
26
27
25
27
26
27
27
25
27
27
26
26
25
26
23
25
27
24
26
26
26
26
26
26
24
20
26
26
25
27
25
27
24
27
27
27
27
25
24
19
26
26
23
26
26
27
26
25
25
27
24
27
26
26
26
26
26
26
26
26
26
27
28
26
27
25
25
24
27
26
25
26
27
26
27
26
25
27
26
25
27
25
26
26
25
19
25
25
25
24
26
26
25
27
26
23
25
25
27
26
25
27
25
24
26
25
26
24
26
26
26
27
25
27
24
26
25
26
24
23
26
25
26
24
26
26
25
26
25
27
26
27
26
27
26
27
26
30
25
27
26
27
24
24
25
27
25
26
25
26
27
25
26
25
25
25
27
26
24
26
22
26
22
26
17
27
26
28
26
27
22
25
25
25
25
27
26
21
26
27
25
27
26
24
26
26
24
26
23
27
25
27
25
26
25
25
26
17
26
13
27
26
25
27
25
26
25
25
27
26
27
25
24
27
26
26
26
27
26
26
25
26
27
26
25
24
27
25
25
27
27
27
27
26
27
23
26
21
25
27
25
27
27
27
27
26
24
17
25
25
27
25
25
24
27
26
26
26
25
27
25
25
27
16
27
25
27
26
24
26
26
25
25
25
26
26
26
26
25
25
27
27
27
27
26
25
27
25
26
26
24
26
26
25
23
25
27
24
22
24
22
23
26
25
24
24
27
24
21
27
24
26
25
27
27
26
24
27
26
24
26
26
26
27
25
28
25
25
23
27
27
26
27
27
27
26
26
26
27
27
24
26
26
25
27
26
26
25
27
25
25
27
27
26
26
26
21
25
25
26
26
26
24
26
25
27
28
25
24
26
26
27
26
26
26
26
27
25
26
26
5000/5989
24
26
26
26
13
25
27
27
26
27
27
26
24
26
26
27
25
25
26
26
26
27
26
22
27
28
27
25
24
25
26
25
26
25
27
24
26
26
27
25
23
25
25
26
26
27
25
24
27
25
26
25
26
25
27
25
25
26
26
27
27
26
26
27
27
26
26
27
25
26
26
27
26
25
26
27
25
23
26
26
27
26
24
26
24
25
26
23
26
25
27
26
24
21
26
26
26
25
26
26
26
26
26
27
25
25
20
26
26
25
18
23
26
27
25
27
26
25
27
25
25
25
25
25
26
8
26
27
26
26
27
27
26
26
25
25
26
25
22
26
20
27
26
25
25
25
27
7
24
25
22
26
26
26
26
27
26
26
27
27
24
25
26
27
27
25
27
27
25
26
26
27
27
25
25
26
24
26
22
25
27
26
25
25
26
27
24
27
25
26
26
26
26
28
27
26
25
27
24
26
25
25
27
26
25
25
26
27
26
27
25
27
27
26
30
25
23
25
26
26
25
24
26
27
24
25
23
24
25
27
26
24
25
24
27
25
26
25
26
26
27
26
24
26
25
26
20
24
25
24
28
27
25
27
25
25
25
26
26
26
27
26
27
27
27
27
27
25
24
26
27
26
25
22
24
25
26
26
27
25
27
26
25
26
24
27
27
27
25
26
25
26
26
26
27
25
25
28
23
25
26
25
22
25
26
26
25
26
27
26
26
26
25
14
25
26
26
27
25
25
25
24
26
25
26
26
27
26
26
26
25
25
26
25
26
26
27
25
25
25
25
24
24
24
26
26
27
24
27
26
27
26
27
24
27
24
25
22
25
27
18
24
25
25
23
26
25
26
24
25
19
26
26
26
24
27
26
27
26
27
27
26
18
25
27
24
27
26
26
26
25
27
25
5988/5989
26
5989 real events

Selection Statistics 
 #Cut SelName    EvBef  EvAfter ( wrtPrev)  (wrtStart)     MdBef  MdAfter ( wrtPrev)  (wrtStart)     ClBef  ClAfter ( wrtPrev)  (wrtStart)     PdBef  PdAfter ( wrtPrev)  (wrtStart) 
    0  Stage1     5989     5989 (    0.00)  (    0.00)      5989     5989 (    0.00)  (    0.00)    203596   203596 (    0.00)  (    0.00)    766923   766923 (    0.00)  (    0.00) 
    1 Stage11     5989     5918 (   -1.19)  (   -1.19)      5989     5918 (   -1.19)  (   -1.19)    203596   197456 (   -3.02)  (   -3.02)    766923   736516 (   -3.96)  (   -3.96) 
    2Stage120     5918     5811 (   -1.81)  (   -2.97)      5918     5811 (   -1.81)  (   -2.97)    197456   194093 (   -1.70)  (   -4.67)    736516   726847 (   -1.31)  (   -5.23) 
    3StageT15     5811     4836 (  -16.78)  (  -19.25)      5811     4836 (  -16.78)  (  -19.25)    194093   162321 (  -16.37)  (  -20.27)    726847   591781 (  -18.58)  (  -22.84) 
    4 Stage10     4836     4836 (    0.00)  (  -19.25)      4836     4836 (    0.00)  (  -19.25)    162321   160609 (   -1.05)  (  -21.11)    591781   581178 (   -1.79)  (  -24.22) 
    5 Stage14     4836     4836 (    0.00)  (  -19.25)      4836     4836 (    0.00)  (  -19.25)    160609   159121 (   -0.93)  (  -21.84)    581178   574175 (   -1.20)  (  -25.13) 
    6  Stage5     4836     2377 (  -50.85)  (  -60.31)      4836     2377 (  -50.85)  (  -60.31)    159121    80818 (  -49.21)  (  -60.30)    574175   290208 (  -49.46)  (  -62.16) 
  Summary Sel     5989     2377             (  -60.31)      5989     2377             (  -60.31)    203596    80818             (  -60.30)    766923   290208             (  -62.16) 
Fitting: Started... done!
Checks: OUT_Tristan/DESY21_yscan/DESY21_ym120/2_DESY21_ym120_Checks_zcalc_G2_WF4.root
dEdx: OUT_Tristan/DESY21_yscan/DESY21_ym120/3_DESY21_ym120_dEdx_zcalc_G2_WF4.root
